0.50502 -0.862377 0.0355041 0.712368 0.86278 0.505535 0.00678203 0.541586 -0.0237972 0.0272072 0.999346 0.771262
0.503284 -0.863434 0.0344723 1.10884 0.863827 0.503753 0.00602725 1.30435 -0.0225697 0.0267447 0.999387 0.773325
0.501544 -0.864485 0.0334437 1.5053 0.864869 0.501971 0.00526827 2.0671 -0.0213421 0.0262822 0.999427 0.775387
0.499803 -0.865533 0.0324186 1.90167 0.865906 0.500187 0.00450526 2.82967 -0.0201148 0.0258197 0.999464 0.777447
0.498057 -0.866575 0.0313963 2.29814 0.866938 0.498401 0.00373787 3.59243 -0.0188871 0.025357 0.9995 0.779506
0.49631 -0.867614 0.0303774 2.69459 0.867966 0.496615 0.00296635 4.35515 -0.0176595 0.0248943 0.999534 0.781563
0.494559 -0.868648 0.0293618 3.09096 0.868988 0.494827 0.00219082 5.1177 -0.0164321 0.0244316 0.999566 0.783619
0.492806 -0.869677 0.0283495 3.48735 0.870006 0.493038 0.00141111 5.88029 -0.0152046 0.0239688 0.999597 0.785673
0.49105 -0.870703 0.0273402 3.8838 0.871019 0.491248 0.000627138 6.64299 -0.0139769 0.0235059 0.999626 0.787726
0.48929 -0.871724 0.0263339 4.28035 0.872028 0.489456 -0.000161165 7.40588 -0.0127488 0.0230428 0.999653 0.789778
0.487528 -0.87274 0.0253312 4.67682 0.873031 0.487663 -0.00095341 8.1686 -0.011521 0.0225798 0.999679 0.791828
0.485763 -0.873752 0.024332 5.07318 0.87403 0.485869 -0.00174955 8.93112 -0.0102935 0.0221168 0.999702 0.793876
0.483996 -0.874759 0.0233359 5.46963 0.875023 0.484074 -0.00254997 9.69381 -0.00906569 0.0216536 0.999724 0.795923
0.482225 -0.875762 0.0223431 5.86608 0.876012 0.482277 -0.00335446 10.4565 -0.00783787 0.0211904 0.999745 0.797969
0.480565 -0.87665 0.0232866 6.26186 0.876925 0.48061 -0.00401009 11.2161 -0.0076763 0.0223477 0.999721 0.798883
0.478683 -0.87775 0.0204598 6.65878 0.877971 0.478688 -0.00496788 11.9814 -0.0054333 0.0203412 0.999778 0.802002
0.477284 -0.878556 0.0184031 7.05839 0.878745 0.477243 -0.00686302 12.7542 -0.00275319 0.0194472 0.999807 0.805038
0.475569 -0.879562 0.0143053 7.45806 0.879678 0.475521 -0.0068145 13.5391 -0.000808696 0.0158249 0.999874 0.809495
0.474329 -0.880248 0.0132121 7.86512 0.880347 0.474292 -0.00604467 14.3318 -0.000945582 0.0144984 0.999894 0.813763
0.472888 -0.881008 0.0142354 8.27619 0.881119 0.472871 -0.00474069 15.1327 -0.00255493 0.0147849 0.999887 0.819102
0.471519 -0.881732 0.0147828 8.69297 0.881847 0.471523 -0.00340713 15.9377 -0.00396623 0.0146427 0.999885 0.823065
0.470459 -0.882287 0.0154489 9.10905 0.882411 0.47047 -0.00315605 16.749 -0.00448371 0.0151171 0.999876 0.825414
0.468958 -0.883093 0.0150211 9.52871 0.883212 0.468959 -0.0036732 17.5623 -0.0038005 0.0149894 0.99988 0.827582
0.468012 -0.88358 0.0158237 9.94936 0.883718 0.467989 -0.00541075 18.3786 -0.00262447 0.016516 0.99986 0.830053
0.467262 -0.883958 0.016851 10.3751 0.88411 0.467258 -0.00440531 19.2024 -0.00397967 0.0169566 0.999848 0.832146
0.467129 -0.884019 0.0173616 10.8009 0.884154 0.467196 -0.000274735 20.0347 -0.00786838 0.0154786 0.999849 0.836928
0.467689 -0.8837 0.0184801 11.2302 0.883817 0.467821 0.00335548 20.8692 -0.0116106 0.0147637 0.999824 0.842305
0.468863 -0.88303 0.0206372 11.6646 0.883155 0.469052 0.00525927 21.7063 -0.014324 0.01576 0.999773 0.842861
0.470097 -0.882356 0.021373 12.1006 0.882479 0.470312 0.00615442 22.5462 -0.0154824 0.015968 0.999753 0.839286
0.47122 -0.881788 0.02003 12.5381 0.881917 0.471386 0.00429228 23.3877 -0.0132268 0.0156422 0.99979 0.834485
0.472196 -0.881337 0.0166164 12.9777 0.881456 0.472266 0.000316469 24.2336 -0.0081263 0.0144972 0.999862 0.831058
0.473348 -0.880743 0.0152862 13.4224 0.880864 0.47336 -0.00306271 25.0837 -0.00453841 0.0149148 0.999878 0.829116
0.474016 -0.880337 0.0177972 13.8738 0.880499 0.474035 -0.00340213 25.941 -0.00544148 0.0172831 0.999836 0.830019
0.47371 -0.880411 0.0217918 14.3288 0.880621 0.473821 -0.000107113 26.8054 -0.0102311 0.0192411 0.999763 0.830023
0.472828 -0.880752 0.026643 14.7856 0.881038 0.47304 0.00194493 27.6729 -0.0143162 0.0225539 0.999643 0.829393
0.471953 -0.880993 0.0333507 15.2489 0.881509 0.472164 -0.00172676 28.5358 -0.0142257 0.0302139 0.999442 0.824123
0.470705 -0.881635 0.0340171 15.7064 0.882231 0.470771 -0.00652686 29.4029 -0.01026 0.0330832 0.9994 0.816705
0.469498 -0.882378 0.0313101 16.1598 0.882914 0.469427 -0.0100568 30.2772 -0.0058239 0.0323657 0.999459 0.813485
0.467851 -0.883298 0.0300035 16.6225 0.883797 0.467738 -0.0111058 31.1752 -0.004224 0.0317128 0.999488 0.823068
0.466834 -0.883798 0.0311064 17.1056 0.884322 0.466785 -0.0092602 32.1167 -0.00633585 0.0318311 0.999473 0.856401
0.465799 -0.884386 0.0298722 17.5792 0.884841 0.465866 -0.00510241 33.0496 -0.0094039 0.0288088 0.999541 0.882012
0.464629 -0.884993 0.030127 18.0538 0.885444 0.464729 -0.00401181 33.9809 -0.0104505 0.0285398 0.999538 0.905798
0.463646 -0.885495 0.0305236 18.5245 0.885931 0.463814 -0.00173826 34.9031 -0.0126181 0.0278478 0.999533 0.920425
0.463423 -0.885526 0.0329029 18.9959 0.885985 0.463712 0.00131853 35.8286 -0.0164251 0.0285404 0.999458 0.934712
0.462932 -0.885929 0.0286987 19.452 0.886209 0.463255 0.00543462 36.7462 -0.0181095 0.0229172 0.999573 0.938753
0.462953 -0.885937 0.0281228 19.9111 0.886189 0.463282 0.00620278 37.6621 -0.0185241 0.0220505 0.999585 0.942376
0.46288 -0.885992 0.0275842 20.3684 0.886261 0.463164 0.00460866 38.5659 -0.0168593 0.0223135 0.999609 0.940487
0.463145 -0.885952 0.0242028 20.8185 0.88617 0.463349 0.00327668 39.4675 -0.0141173 0.0199302 0.999702 0.943239
0.462366 -0.886363 0.0240424 21.2719 0.886582 0.462561 0.00300533 40.3619 -0.0137849 0.019926 0.999706 0.950033
0.461154 -0.886922 0.0265771 21.7277 0.887189 0.461394 0.00338187 41.2543 -0.0152619 0.0220193 0.999641 0.954375
0.460352 -0.88733 0.0268639 22.1761 0.887589 0.460617 0.00431695 42.1453 -0.0162045 0.0218567 0.99963 0.961055
0.460141 -0.887535 0.0235066 22.6155 0.887731 0.460346 0.00388124 43.0307 -0.0142659 0.0190816 0.999716 0.966068
0.459651 -0.887864 0.0204658 23.0523 0.888053 0.45974 -0.000399462 43.9089 -0.00905427 0.0183583 0.99979 0.968634
0.459248 -0.888094 0.019517 23.4934 0.888273 0.459314 -0.00121411 44.7876 -0.0078862 0.017894 0.999809 0.970614
0.458886 -0.888239 0.0213241 23.9372 0.888427 0.459015 0.00132014 45.666 -0.0109607 0.0183392 0.999772 0.979853
0.458531 -0.88832 0.0252141 24.379 0.888568 0.458737 0.00272737 46.5388 -0.0139894 0.0211538 0.999678 0.983854
0.458249 -0.888417 0.0268981 24.8173 0.888697 0.458485 0.00300995 47.4076 -0.0150065 0.022525 0.999634 0.986364
0.458141 -0.888401 0.0291571 25.2537 0.888766 0.45836 0.000960606 48.2678 -0.0142179 0.0254737 0.999574 0.985801
0.457725 -0.888543 0.0313008 25.6945 0.889006 0.45789 -0.00209638 49.1271 -0.0124696 0.0287862 0.999508 0.984418
0.456669 -0.889023 0.0330363 26.1287 0.88954 0.456852 -0.00220577 49.9837 -0.0131317 0.0303944 0.999452 0.983406
0.455556 -0.889412 0.0376093 26.5658 0.890038 0.455886 0.000222034 50.8437 -0.017343 0.0333726 0.999292 0.980089
0.454854 -0.889582 0.0418448 26.9967 0.890275 0.455403 0.0041447 51.7056 -0.0227433 0.0353682 0.999116 0.972144
0.454281 -0.889879 0.0417669 27.418 0.890507 0.45492 0.00677398 52.5621 -0.0250286 0.0341165 0.999104 0.963807
0.453043 -0.890625 0.0392323 27.8378 0.891203 0.453573 0.00535717 53.4067 -0.022566 0.0325369 0.999216 0.957358
0.45201 -0.891361 0.0341054 28.2538 0.891895 0.452241 -0.00105802 54.2352 -0.0144808 0.0308967 0.999418 0.950742
0.451231 -0.891887 0.0304644 28.6667 0.892368 0.45127 -0.00598573 55.0549 -0.00840908 0.0298864 0.999518 0.949053
0.450045 -0.892618 0.0263001 29.0673 0.892959 0.450128 -0.00301713 55.8761 -0.00914528 0.0248428 0.99965 0.951563
0.449159 -0.893112 0.0246607 29.4658 0.893373 0.449315 0.000907575 56.685 -0.011891 0.0216235 0.999695 0.959456
0.447878 -0.893798 0.0230344 29.8565 0.893989 0.448072 0.00382902 57.4813 -0.0137435 0.0188776 0.999727 0.967446
0.446794 -0.894354 0.0225002 30.2418 0.894544 0.446968 0.00311507 58.2627 -0.0128428 0.0187356 0.999742 0.970021
0.445318 -0.895111 0.0216298 30.6186 0.89527 0.445503 0.00440795 59.0344 -0.0135817 0.0174016 0.999756 0.972677
0.443951 -0.895809 0.020807 30.989 0.895938 0.444144 0.00553715 59.7943 -0.0142016 0.0161836 0.999768 0.977427
0.442482 -0.896523 0.0213889 31.3547 0.89665 0.442695 0.00631708 60.5423 -0.0151322 0.0163832 0.999751 0.981002
0.441153 -0.897158 0.0221658 31.7151 0.897293 0.441385 0.00668022 61.2796 -0.0157769 0.0169423 0.999732 0.982257
0.439833 -0.897828 0.0212625 32.0652 0.897899 0.440096 0.009632 62.0063 -0.0180054 0.0148552 0.999728 0.983878
0.438648 -0.898394 0.0218323 32.4101 0.898378 0.438989 0.0143436 62.7261 -0.0224703 0.0133219 0.999659 0.983853
0.436914 -0.899266 0.020642 32.751 0.89917 0.437262 0.0171682 63.4277 -0.0244647 0.0110597 0.99964 0.987327
0.435588 -0.899999 0.0162684 33.0743 0.899898 0.435821 0.015592 64.1111 -0.0211229 0.00784821 0.999746 0.991282
0.434618 -0.900536 0.0119226 33.3901 0.90051 0.434731 0.00955262 64.7743 -0.0137856 0.00658466 0.999883 0.995534
0.43336 -0.901165 0.0100176 33.6974 0.901184 0.433416 0.00419068 65.4203 -0.0081183 0.00721165 0.999941 0.99675
0.432949 -0.901381 0.00827237 33.9955 0.901401 0.43298 0.00234436 66.053 -0.00569494 0.00644174 0.999963 1.00224
0.432221 -0.901735 0.00770757 34.2831 0.901725 0.432268 0.00607215 66.6698 -0.00880721 0.00432559 0.999952 1.01407
0.431014 -0.902307 0.00832684 34.5644 0.902265 0.43108 0.0093422 67.2661 -0.0120191 0.0034864 0.999922 1.03148
0.429868 -0.902842 0.00952912 34.8396 0.902843 0.42993 0.00580331 67.8385 -0.00933633 0.00610865 0.999938 1.04338
0.42986 -0.902785 0.0141517 35.1125 0.902884 0.429881 -0.00172662 68.3899 -0.00452479 0.0135196 0.999898 1.05275
0.430764 -0.902334 0.0153412 35.3733 0.902464 0.430681 -0.00849074 68.9261 0.00105433 0.0175024 0.999846 1.06496
0.433308 -0.901141 0.0137773 35.6232 0.901244 0.433224 -0.00870676 69.4546 0.00187737 0.0161894 0.999867 1.07727
0.436694 -0.899553 0.0101459 35.8657 0.899609 0.436682 -0.00348129 69.974 -0.00129892 0.0106476 0.999942 1.09146
0.440705 -0.897562 0.0127338 36.1121 0.89764 0.440727 -0.00119749 70.4738 -0.0045373 0.0119581 0.999918 1.10219
0.445267 -0.895205 0.0185749 36.3648 0.895356 0.44535 0.000340282 70.9566 -0.00857696 0.0164797 0.999827 1.11411
0.452154 -0.891609 0.0243031 36.6129 0.891845 0.452335 0.00226452 71.4268 -0.0130122 0.0206507 0.999702 1.1266
0.461278 -0.88698 0.0221267 36.8498 0.88716 0.461451 0.00315721 71.8826 -0.0130108 0.0181736 0.99975 1.13452
0.474135 -0.880286 0.0170924 37.0773 0.880356 0.474281 0.0055673 72.3304 -0.0130074 0.0124077 0.999838 1.14124
0.489774 -0.871752 0.0130602 37.3097 0.871736 0.489897 0.00877715 72.7607 -0.0140496 0.00708621 0.999876 1.14645
0.508188 -0.861129 0.0141989 37.5546 0.861115 0.508329 0.00909049 73.1674 -0.0150458 0.0076072 0.999858 1.14894
0.529879 -0.847886 0.0178119 37.8086 0.847909 0.530073 0.00855287 73.5538 -0.0166935 0.0105709 0.999805 1.15305
0.553939 -0.832316 0.0200388 38.0688 0.832341 0.554183 0.00946649 73.9263 -0.0189843 0.0114352 0.999754 1.15631
0.580416 -0.81404 0.0213811 38.3365 0.814039 0.580705 0.0110241 74.2863 -0.0213902 0.0110065 0.999711 1.15845
0.609773 -0.792268 0.0221172 38.6152 0.792239 0.61009 0.0121427 74.6291 -0.0231138 0.0101178 0.999682 1.15838
0.641585 -0.766729 0.0222424 38.9034 0.766673 0.64191 0.0128038 74.9564 -0.0240947 0.00883793 0.999671 1.15594
0.675202 -0.737279 0.0228317 39.2037 0.737202 0.675542 0.0132873 75.2619 -0.0252202 0.00786001 0.999651 1.155
0.710393 -0.703498 0.0208086 39.513 0.703373 0.710682 0.0140418 75.544 -0.0246667 0.004661 0.999685 1.15647
0.747152 -0.664378 0.0191339 39.8338 0.664251 0.747392 0.0132648 75.8016 -0.0231134 0.00279893 0.999729 1.15688
0.784168 -0.620273 0.0185068 40.165 0.620148 0.784384 0.012545 76.0328 -0.0222978 0.00163962 0.99975 1.15316
0.82016 -0.571861 0.0176762 40.5048 0.571728 0.82035 0.0123397 76.2377 -0.0215572 -1.45333e-05 0.999768 1.14645
0.854501 -0.519177 0.0168189 40.8521 0.519048 0.854666 0.0116326 76.4156 -0.020414 -0.00121026 0.999791 1.13885
0.886216 -0.462951 0.017243 41.2084 0.462865 0.886384 0.00890949 76.5625 -0.0194086 8.54516e-05 0.999812 1.1332
0.91411 -0.40509 0.0174733 41.5685 0.405008 0.914277 0.00817745 76.6862 -0.019288 -0.000398272 0.999814 1.13159
0.938021 -0.346022 0.0196061 41.9351 0.345923 0.938226 0.00834818 76.787 -0.0212836 -0.00104857 0.999773 1.1293
0.957908 -0.286232 0.021983 42.3095 0.286058 0.958152 0.0107739 76.8648 -0.0241469 -0.00403206 0.9997 1.12305
0.973808 -0.226135 0.0236832 42.6849 0.225932 0.974082 0.010957 76.9175 -0.0255472 -0.00531921 0.999659 1.11499
0.985751 -0.166518 0.0237963 43.0639 0.166369 0.98603 0.00810082 76.9398 -0.0248128 -0.00402643 0.999684 1.10598
0.993769 -0.108801 0.0241835 43.4401 0.108776 0.994063 0.00235731 76.9388 -0.0242964 0.000287963 0.999705 1.09833
