0.50502 -0.862377 0.0355041 0.712368 0.86278 0.505535 0.00678203 0.541586 -0.0237972 0.0272072 0.999346 0.771262
0.500834 -0.864872 0.0340985 1.00695 0.865247 0.501306 0.00648224 0.955921 -0.0227001 0.026257 0.999397 0.767066
0.498606 -0.866217 0.0325697 1.42441 0.866572 0.499024 0.00569669 1.80425 -0.0211876 0.0253835 0.999455 0.748373
0.494481 -0.868622 0.0313974 1.77751 0.868959 0.494864 0.00534436 2.51718 -0.0201797 0.0246403 0.999496 0.733996
0.490518 -0.870853 0.0317688 2.13375 0.871212 0.490898 0.00494386 3.09941 -0.0199006 0.0252521 0.999488 0.721962
0.486365 -0.873238 0.0301448 2.53357 0.873564 0.486707 0.00479004 3.76642 -0.0188545 0.0240034 0.999542 0.720766
0.482084 -0.875681 0.0279838 2.91243 0.875953 0.482396 0.0052422 4.45815 -0.0180897 0.021985 0.999605 0.714098
0.477791 -0.878097 0.0258205 3.28789 0.878321 0.478072 0.00568369 5.15175 -0.0173348 0.0199627 0.999664 0.708022
0.47371 -0.880338 0.0247035 3.66705 0.880511 0.474007 0.00759453 5.85113 -0.0183953 0.0181537 0.999682 0.701012
0.470524 -0.881959 0.0276292 4.05512 0.882141 0.470926 0.0101226 6.57275 -0.0219389 0.0196093 0.999586 0.668814
0.467321 -0.883565 0.0305456 4.44053 0.883751 0.467844 0.0126607 7.29567 -0.025477 0.0210772 0.999475 0.633712
0.465514 -0.884507 0.030908 4.82962 0.884741 0.466014 0.0112029 8.0277 -0.0243124 0.0221295 0.999484 0.60669
0.463914 -0.885342 0.0310847 5.21407 0.885619 0.464384 0.009699 8.75995 -0.0230219 0.0230286 0.999497 0.599535
0.462641 -0.886003 0.0312295 5.60591 0.886297 0.463104 0.00931393 9.51269 -0.0227144 0.0233684 0.999499 0.603388
0.461345 -0.886615 0.0330192 5.99943 0.886975 0.461828 0.00849927 10.2877 -0.0227845 0.0253646 0.999452 0.593092
0.459933 -0.88732 0.0338233 6.38865 0.887727 0.460408 0.00752145 11.0721 -0.0222461 0.0265648 0.999436 0.578831
0.458415 -0.888113 0.0336615 6.77389 0.888556 0.458839 0.00581945 11.8561 -0.0206132 0.0272406 0.999457 0.559114
0.456941 -0.889023 0.0294386 7.16102 0.889375 0.457265 0.00512775 12.6778 -0.0180196 0.0238372 0.999597 0.540851
0.455441 -0.889896 0.0261829 7.55235 0.89018 0.455707 0.00504172 13.4968 -0.016418 0.0210098 0.999691 0.520479
0.454357 -0.890435 0.0267739 7.97022 0.890702 0.45467 0.00684799 14.3075 -0.0182707 0.0207346 0.999668 0.504274
0.45328 -0.89096 0.0276039 8.37584 0.891218 0.453641 0.00839835 15.1183 -0.0200045 0.0207925 0.999636 0.49599
0.452329 -0.891427 0.0281833 8.78737 0.891679 0.452722 0.00941791 15.9361 -0.0211542 0.0208686 0.999614 0.492931
0.451181 -0.891997 0.0286201 9.2099 0.892285 0.451559 0.00828504 16.7504 -0.0203135 0.0217972 0.999615 0.482873
0.450033 -0.892565 0.0290584 9.63138 0.892889 0.450393 0.00715272 17.5652 -0.0194715 0.0227247 0.999614 0.47358
0.44911 -0.893015 0.0295848 10.0493 0.893353 0.449482 0.00720477 18.3845 -0.0197313 0.0231915 0.999601 0.464193
0.448875 -0.89312 0.0300543 10.4684 0.893395 0.449337 0.010756 19.2372 -0.0231104 0.0220198 0.999558 0.44283
0.449066 -0.893005 0.0306697 10.8911 0.893201 0.449625 0.014566 20.0864 -0.0267969 0.0208506 0.999495 0.423931
0.449865 -0.892573 0.0316206 11.3214 0.892708 0.450511 0.0174552 20.9276 -0.0298249 0.0203728 0.999422 0.402921
0.451746 -0.891545 0.0338188 11.7352 0.891706 0.452473 0.0181351 21.7666 -0.0314696 0.021961 0.999341 0.381717
0.454044 -0.890354 0.03449 12.1537 0.890603 0.454738 0.0157815 22.6103 -0.0297342 0.0235482 0.999361 0.353595
0.455886 -0.889479 0.0327911 12.5601 0.889773 0.456462 0.0127881 23.4507 -0.0263418 0.0233435 0.999465 0.347502
0.457102 -0.888898 0.0316895 12.9843 0.889256 0.457567 0.00919379 24.2978 -0.0226716 0.0239743 0.999544 0.330654
0.45774 -0.888643 0.0296986 13.4341 0.88894 0.458176 0.00990915 25.1626 -0.0224121 0.0218614 0.999602 0.31615
0.457362 -0.88887 0.0288486 13.8984 0.889024 0.457883 0.0151312 26.0662 -0.0266582 0.0187239 0.999565 0.297721
0.457037 -0.888878 0.0335357 14.3472 0.889088 0.457723 0.0166444 26.9217 -0.0301438 0.0222055 0.999398 0.262201
0.456341 -0.888905 0.0415194 14.814 0.889442 0.45717 0.0129429 27.778 -0.0304849 0.0310174 0.999157 0.248791
0.455002 -0.889346 0.0466054 15.2623 0.890217 0.455796 0.00765712 28.6564 -0.0280505 0.0379981 0.998992 0.240574
0.45371 -0.890018 0.0464951 15.7074 0.890996 0.45434 0.00355148 29.5401 -0.0242834 0.0398084 0.999025 0.231003
0.451856 -0.891088 0.044128 16.1366 0.892004 0.452384 0.00239426 30.424 -0.0220943 0.0382735 0.99914 0.206633
0.450443 -0.891928 0.0416868 16.6043 0.892689 0.451024 0.0054106 31.3364 -0.0236257 0.0347698 0.999238 0.185497
0.449491 -0.892474 0.0404087 17.061 0.893117 0.450146 0.00860189 32.2457 -0.0258648 0.032217 0.999273 0.159791
0.448655 -0.893 0.0381805 17.5084 0.893485 0.449355 0.0120424 33.153 -0.0279085 0.0287052 0.99933 0.142855
0.447765 -0.893468 0.0378394 17.9521 0.893877 0.448522 0.0144709 34.0509 -0.029899 0.0273388 0.999316 0.118386
0.447092 -0.8937 0.0403993 18.409 0.894127 0.44798 0.0162484 34.9567 -0.0326168 0.0288516 0.999193 0.0977349
0.446466 -0.893929 0.0423638 18.8592 0.894345 0.447482 0.0183505 35.8548 -0.0353583 0.0296886 0.999079 0.0766145
0.44656 -0.893956 0.0409294 19.2863 0.894297 0.447554 0.0193662 36.7551 -0.0356277 0.0279489 0.999125 0.0597179
0.446812 -0.893851 0.0406167 19.7236 0.894203 0.447781 0.0188624 37.6568 -0.0350444 0.0278858 0.999152 0.0381276
0.4472 -0.893706 0.0396874 20.1724 0.89411 0.448074 0.0166053 38.5639 -0.0326199 0.0280533 0.999235 0.0145401
0.446595 -0.894106 0.0376118 20.6238 0.894459 0.4474 0.0164908 39.4622 -0.0315688 0.0262724 0.999322 -0.00756428
0.445473 -0.894654 0.038082 21.0653 0.894998 0.446314 0.0172116 40.367 -0.0323914 0.0264108 0.999298 -0.0330407
0.444351 -0.8952 0.0385512 21.5057 0.895534 0.445227 0.0179329 41.2722 -0.0332138 0.0265502 0.999273 -0.0593442
0.444168 -0.895183 0.0411717 21.9619 0.89566 0.445072 0.0158583 42.149 -0.0325162 0.0298259 0.99921 -0.0692732
0.443846 -0.895543 0.0367825 22.3827 0.895984 0.444535 0.0129304 43.0178 -0.0279269 0.0272124 0.99943 -0.0984072
0.443492 -0.895873 0.0330634 22.7929 0.896233 0.444069 0.0123791 43.916 -0.0257688 0.0241385 0.999574 -0.11489
0.443353 -0.895896 0.0345435 23.2352 0.896238 0.444019 0.0143547 44.7922 -0.0281941 0.0245909 0.999505 -0.129509
0.443159 -0.895909 0.0368889 23.6775 0.896232 0.443961 0.0169492 45.664 -0.0315573 0.0255453 0.999388 -0.144851
0.442631 -0.896086 0.0391526 24.099 0.896455 0.443518 0.0173594 46.5224 -0.032915 0.0274097 0.999302 -0.173003
0.44269 -0.895966 0.0414078 24.5259 0.896451 0.443608 0.0157961 47.3891 -0.0325158 0.0301214 0.999245 -0.182794
0.442507 -0.896017 0.0425034 24.9607 0.896599 0.443399 0.013782 48.2702 -0.0311887 0.0320036 0.999236 -0.184387
0.441986 -0.896252 0.0432104 25.4004 0.89686 0.442897 0.0136338 49.1492 -0.0313506 0.0327211 0.999216 -0.218005
0.440799 -0.896678 0.0466262 25.8247 0.897347 0.441879 0.0152962 50.0145 -0.0343116 0.0350898 0.999046 -0.244925
0.440013 -0.896871 0.0504301 26.2356 0.897541 0.441368 0.0189681 50.8749 -0.0392615 0.0369083 0.998806 -0.2631
0.439079 -0.897223 0.052482 26.6667 0.897877 0.440605 0.0212568 51.7535 -0.0421862 0.0377799 0.998663 -0.304149
0.438211 -0.897724 0.0514103 27.0663 0.898422 0.439615 0.0191657 52.6045 -0.0397964 0.0377805 0.99877 -0.310293
0.43763 -0.898156 0.0489926 27.4616 0.89895 0.438753 0.0140502 53.4356 -0.0341057 0.0378844 0.998986 -0.322058
0.436815 -0.898766 0.045197 27.8668 0.89956 0.437651 0.00948023 54.2614 -0.0282927 0.0365084 0.999227 -0.332727
0.435963 -0.899468 0.0393543 28.2445 0.900002 0.436713 0.011767 55.0554 -0.0277625 0.0302835 0.99946 -0.367821
0.434938 -0.900101 0.0364929 28.6163 0.900439 0.435718 0.0156596 55.8908 -0.0299871 0.0260447 0.999525 -0.389608
0.433875 -0.900683 0.0351236 28.9957 0.900896 0.434686 0.018528 56.7184 -0.0319461 0.0236009 0.999535 -0.40821
0.432653 -0.901233 0.0364876 29.3907 0.901493 0.433498 0.0179977 57.4513 -0.0320273 0.0251031 0.999507 -0.41288
0.431271 -0.901874 0.0374183 29.7372 0.90215 0.432152 0.018128 58.242 -0.0325088 0.0259352 0.999482 -0.446543
0.429954 -0.902499 0.0378862 30.0972 0.902777 0.43086 0.0183484 59.0335 -0.0328717 0.0263102 0.999472 -0.46955
0.428843 -0.903069 0.0372888 30.4541 0.9033 0.429754 0.0192057 59.7894 -0.0333571 0.0254436 0.99949 -0.481145
0.427756 -0.903598 0.0373597 30.8032 0.903803 0.428691 0.0198984 60.5208 -0.0339832 0.0252513 0.999486 -0.494868
0.42627 -0.90444 0.0343023 31.1404 0.904418 0.427201 0.0242101 61.2599 -0.0365368 0.0207027 0.999512 -0.514644
0.425062 -0.905028 0.0342525 31.4825 0.904881 0.426057 0.027353 61.9908 -0.0393335 0.0193676 0.999446 -0.544037
0.423852 -0.905616 0.0341985 31.8237 0.905335 0.424908 0.0304957 62.722 -0.0421316 0.018036 0.999369 -0.57569
0.422632 -0.90625 0.0330216 32.1118 0.906061 0.423592 0.0275717 63.3971 -0.0389581 0.018268 0.999507 -0.553392
0.421922 -0.906768 0.0280782 32.4303 0.906601 0.422656 0.0245587 64.0545 -0.0341217 0.0150972 0.99975 -0.535835
0.420663 -0.907473 0.0247052 32.7195 0.907415 0.421219 0.0191763 64.7033 -0.0277958 0.0143557 0.999971 -0.571771
0.419958 -0.907874 0.022681 33.0269 0.907814 0.420448 0.0179864 65.3558 -0.0258536 0.0130425 1.00006 -0.585303
0.419344 -0.908222 0.0210047 33.3128 0.908047 0.419831 0.021175 65.9684 -0.0280366 0.0102013 1.00004 -0.591808
0.418497 -0.908656 0.0201409 33.5952 0.908377 0.418991 0.024162 66.5778 -0.0303786 0.00819298 1.00001 -0.605348
0.417509 -0.909072 0.0228741 33.854 0.908907 0.418056 0.0209458 67.1682 -0.0285887 0.0120536 1.00004 -0.60017
0.417764 -0.908836 0.0280327 34.1202 0.90892 0.41835 0.0142985 67.7373 -0.0247082 0.0195117 1.00004 -0.601511
0.418523 -0.9085 0.0284476 34.3694 0.908705 0.419011 0.00883995 68.2829 -0.0199388 0.022156 1.00011 -0.614523
0.421411 -0.907252 0.0264397 34.6017 0.907402 0.421865 0.00884 68.8115 -0.0191622 0.0202729 1.00018 -0.628403
0.425306 -0.905538 0.0235634 34.8708 0.905575 0.425757 0.0113462 69.3314 -0.0202939 0.0165218 1.00024 -0.643712
0.429524 -0.903558 0.0240445 35.1017 0.903514 0.430047 0.0148506 69.8596 -0.0237431 0.0153559 1.0002 -0.645641
0.434673 -0.901025 0.0273373 35.3304 0.900934 0.435342 0.018209 70.3415 -0.0282883 0.0167237 1.00008 -0.638754
0.441067 -0.897703 0.0342253 35.5704 0.897716 0.441959 0.018712 70.8147 -0.0319005 0.0224783 0.999872 -0.647378
0.450654 -0.892977 0.0335951 35.8016 0.892929 0.451554 0.0196367 71.259 -0.0326804 0.0211568 0.999891 -0.643162
0.463465 -0.886623 0.0277874 36.0467 0.886359 0.464232 0.0225243 71.7276 -0.0328454 0.0142026 1.00003 -0.640936
0.479034 -0.878489 0.0224227 36.3053 0.878037 0.479661 0.025874 72.153 -0.0334598 0.00730996 1.0001 -0.654856
0.498284 -0.867702 0.023908 36.5252 0.867217 0.498968 0.0265459 72.5566 -0.0349356 0.00752316 1.00006 -0.682209
0.520571 -0.854455 0.0268676 36.7741 0.854003 0.521352 0.0256914 72.9607 -0.0359301 0.00958774 1.00003 -0.684664
0.544928 -0.839094 0.0287672 37.0391 0.838594 0.545787 0.0267696 73.3342 -0.0381306 0.00955413 0.999964 -0.686697
0.57255 -0.820465 0.0302456 37.2952 0.819891 0.573476 0.0282195 73.6943 -0.0404629 0.00865977 0.999899 -0.705067
0.603872 -0.79768 0.0312222 37.5024 0.797049 0.604835 0.0289337 74.0315 -0.0419267 0.00743355 0.999867 -0.723463
0.636226 -0.772111 0.0320579 37.7555 0.77143 0.637216 0.029363 74.3459 -0.0430601 0.00607068 0.999848 -0.720965
0.670599 -0.742405 0.0336368 38.0313 0.741668 0.671646 0.0298951 74.642 -0.0447446 0.0049229 0.9998 -0.733742
0.70741 -0.707509 0.0321722 38.2923 0.706719 0.708371 0.0299944 74.9414 -0.0439699 0.0015444 0.999866 -0.744506
0.74514 -0.667748 0.0306435 38.6005 0.66695 0.746011 0.029254 75.2056 -0.0423548 -0.00133185 0.999958 -0.760604
0.782954 -0.623047 0.0297378 38.9128 0.622246 0.783762 0.0284931 75.4485 -0.0410211 -0.00377335 1.00003 -0.770957
0.819615 -0.574012 0.0292752 39.2149 0.573171 0.820373 0.028692 75.6565 -0.0404477 -0.00670264 1.00006 -0.779115
0.854627 -0.520493 0.0290069 39.5105 0.519655 0.855346 0.0279211 75.8369 -0.0393063 -0.00875211 1.00011 -0.809829
0.886693 -0.463789 0.0290347 39.9077 0.463027 0.887404 0.025219 75.9923 -0.0374265 -0.00888012 1.0002 -0.825709
0.914708 -0.405795 0.0289775 40.2987 0.405029 0.915391 0.0246519 76.1353 -0.036495 -0.0107728 1.00024 -0.824694
0.938841 -0.346233 0.0305572 40.6828 0.345411 0.939543 0.0249719 76.2219 -0.0373202 -0.0128476 1.00021 -0.818483
0.958926 -0.285777 0.0325481 41.0613 0.284837 0.959638 0.0266714 76.3265 -0.0388185 -0.0162593 1.00012 -0.826207
0.974968 -0.224857 0.0343857 41.4272 0.223839 0.975694 0.0272019 76.4015 -0.039627 -0.0187755 1.00007 -0.849576
0.986951 -0.16463 0.0342473 41.7937 0.163729 0.98769 0.0235914 76.428 -0.0376728 -0.0176277 1.00019 -0.873478
0.994914 -0.106521 0.0345305 42.1992 0.105731 0.995688 0.0197423 76.4249 -0.0364497 -0.0159427 1.00028 -0.879941
